,lr,seed,epoch,dataset,eval_f1,eval_acc,train_f1,eval_loss,train_acc,batch_size,train_loss
Expr-9-ep-0.pt:v0,0.01,42,0,adult_dataset,0.28209298849105835,0.8064152598381042,0.1040339320898056,5.695709815246237,0.7767985463142395,2,6.414583822662608
Expr-9-ep-1.pt:v0,0.01,42,1,adult_dataset,0.0,0.7537405490875244,0.11778351664543152,17.800130092748294,0.7767985463142395,2,10.75480741544516
Expr-9-ep-2.pt:v0,0.01,42,2,adult_dataset,0.12837330996990204,0.7856118083000183,0.13271166384220123,8.210304312962156,0.781256377696991,2,7.7293703260793825
Expr-9-ep-3.pt:v0,0.01,42,3,adult_dataset,0.15276363492012024,0.7861242294311523,0.14444592595100403,8.214438533393876,0.7881225943565369,2,7.633132186665743
Expr-9-ep-4.pt:v0,0.01,42,4,adult_dataset,0.17435292899608612,0.7900184392929077,0.1529689580202103,7.9427494561418195,0.7844333052635193,2,8.18126362889733
Expr-9-ep-5.pt:v0,0.01,42,5,adult_dataset,0.18542082607746124,0.7897109985351562,0.17768418788909912,7.939828522177401,0.7878663539886475,2,7.695529272441423
Expr-9-ep-6.pt:v0,0.01,42,6,adult_dataset,0.2773105502128601,0.8142037391662598,0.193671390414238,5.64690277178722,0.7918630838394165,2,7.426716215950769
Expr-9-ep-7.pt:v0,0.01,42,7,adult_dataset,0.14736634492874146,0.7879688739776611,0.21023927628993988,8.206727302156102,0.802341639995575,2,6.4131213749440015
Expr-9-ep-8.pt:v0,0.01,42,8,adult_dataset,0.2512810230255127,0.8130764365196228,0.17715482413768768,5.920782791712901,0.7969358563423157,2,7.014997536014862
Expr-9-ep-9.pt:v0,0.01,42,9,adult_dataset,0.1582292765378952,0.7887886762619019,0.14965541660785675,8.205992223161205,0.7898903489112854,2,7.563020438034649
Expr-9-ep-10.pt:v0,0.01,42,10,adult_dataset,0.15945903956890106,0.7897109985351562,0.148784339427948,8.211241018587598,0.7920168042182922,2,7.624685188255789
Expr-9-ep-11.pt:v0,0.01,42,11,adult_dataset,0.164993017911911,0.7900184392929077,0.15134640038013458,8.216838808155506,0.7906589508056641,2,7.63110701190392
Expr-9-ep-12.pt:v0,0.01,42,12,adult_dataset,0.1994948089122772,0.7928878664970398,0.16605253517627716,7.942793911828047,0.7906333208084106,2,7.599004595570462
Expr-9-ep-13.pt:v0,0.01,42,13,adult_dataset,0.20987947285175323,0.7943226099014282,0.16758981347084043,7.947162396283973,0.7909151315689087,2,7.630851390040878
Expr-9-ep-14.pt:v0,0.01,42,14,adult_dataset,0.04427138715982437,0.7564049959182739,0.047602057456970215,2.730669440839422,0.7613240480422974,2,3.1077627899559217
Expr-9-ep-15.pt:v0,0.01,42,15,adult_dataset,0.04427138715982437,0.7564049959182739,0.04232431575655937,2.7306694644632143,0.7617852091789246,2,2.8713450463644077
Expr-9-ep-16.pt:v0,0.01,42,16,adult_dataset,0.04427138715982437,0.7564049959182739,0.04232431575655937,2.7306694644632143,0.7617852091789246,2,2.8713450464048753
Expr-9-ep-17.pt:v0,0.01,42,17,adult_dataset,0.04427138715982437,0.7564049959182739,0.04232431575655937,2.7306694644632143,0.7617852091789246,2,2.8713450464048753
Expr-9-ep-18.pt:v0,0.01,42,18,adult_dataset,0.04427138715982437,0.7564049959182739,0.04232431575655937,2.7306694644632143,0.7617852091789246,2,2.8713450464048753
Expr-9-ep-19.pt:v0,0.01,42,19,adult_dataset,0.04427138715982437,0.7564049959182739,0.04232431575655937,2.7306694644632143,0.7617852091789246,2,2.8713450464048753
Expr-9-ep-20.pt:v0,0.01,42,20,adult_dataset,0.04427138715982437,0.7564049959182739,0.04232431575655937,2.7306694644632143,0.7617852091789246,2,2.8713450464048753
Expr-9-ep-21.pt:v0,0.01,42,21,adult_dataset,0.04427138715982437,0.7564049959182739,0.04232431575655937,2.7306694644632143,0.7617852091789246,2,2.8713450464048753
Expr-9-ep-22.pt:v0,0.01,42,22,adult_dataset,0.04427138715982437,0.7564049959182739,0.04232431575655937,2.7306694644632143,0.7617852091789246,2,2.8713450464048753
Expr-9-ep-23.pt:v0,0.01,42,23,adult_dataset,0.04427138715982437,0.7564049959182739,0.04232431575655937,2.7306694644632143,0.7617852091789246,2,2.8713450464048753
Expr-9-ep-24.pt:v0,0.01,42,24,adult_dataset,0.04427138715982437,0.7564049959182739,0.04232431575655937,2.7306694644632143,0.7617852091789246,2,2.8713450464048753
Expr-9-ep-25.pt:v0,0.01,42,25,adult_dataset,0.04427138715982437,0.7564049959182739,0.04232431575655937,2.7306694644632143,0.7617852091789246,2,2.8713450464048753
Expr-9-ep-26.pt:v0,0.01,42,26,adult_dataset,0.04427138715982437,0.7564049959182739,0.04232431575655937,2.7306694644632143,0.7617852091789246,2,2.8713450464048753
Expr-9-ep-27.pt:v0,0.01,42,27,adult_dataset,0.04427138715982437,0.7564049959182739,0.04232431575655937,2.7306694644632143,0.7617852091789246,2,2.8713450464048753
Expr-9-ep-28.pt:v0,0.01,42,28,adult_dataset,0.04427138715982437,0.7564049959182739,0.04232431575655937,2.7306694644632143,0.7617852091789246,2,2.8713450464048753
Expr-9-ep-29.pt:v0,0.01,42,29,adult_dataset,0.04427138715982437,0.7564049959182739,0.04232431575655937,2.7306694644632143,0.7617852091789246,2,2.8713450464048753
Expr-9-ep-30.pt:v0,0.01,42,30,adult_dataset,0.04427138715982437,0.7564049959182739,0.04232431575655937,2.7306694644632143,0.7617852091789246,2,2.8713450464048753
Expr-9-ep-31.pt:v0,0.01,42,31,adult_dataset,0.04427138715982437,0.7564049959182739,0.04232431575655937,2.7306694644632143,0.7617852091789246,2,2.8713450464048753
Expr-9-ep-32.pt:v0,0.01,42,32,adult_dataset,0.04427138715982437,0.7564049959182739,0.04232431575655937,2.7306694644632143,0.7617852091789246,2,2.8713450464048753
Expr-9-ep-33.pt:v0,0.01,42,33,adult_dataset,0.04427138715982437,0.7564049959182739,0.04232431575655937,2.7306694644632143,0.7617852091789246,2,2.8713450464048753
Expr-9-ep-34.pt:v0,0.01,42,34,adult_dataset,0.04427138715982437,0.7564049959182739,0.04232431575655937,2.7306694644632143,0.7617852091789246,2,2.8713450464048753
Expr-9-ep-35.pt:v0,0.01,42,35,adult_dataset,0.04427138715982437,0.7564049959182739,0.04232431575655937,2.7306694644632143,0.7617852091789246,2,2.8713450464048753
Expr-9-ep-36.pt:v0,0.01,42,36,adult_dataset,0.04427138715982437,0.7564049959182739,0.04232431575655937,2.7306694644632143,0.7617852091789246,2,2.8713450464048753
Expr-9-ep-37.pt:v0,0.01,42,37,adult_dataset,0.04427138715982437,0.7564049959182739,0.04232431575655937,2.7306694644632143,0.7617852091789246,2,2.8713450464048753
Expr-9-ep-38.pt:v0,0.01,42,38,adult_dataset,0.04427138715982437,0.7564049959182739,0.04232431575655937,2.7306694644632143,0.7617852091789246,2,2.8713450464048753
Expr-9-ep-39.pt:v0,0.01,42,39,adult_dataset,0.04427138715982437,0.7564049959182739,0.04232431575655937,2.7306694644632143,0.7617852091789246,2,2.8713450464048753
Expr-9-ep-40.pt:v0,0.01,42,40,adult_dataset,0.04427138715982437,0.7564049959182739,0.04232431575655937,2.7306694644632143,0.7617852091789246,2,2.8713450464048753
Expr-9-ep-41.pt:v0,0.01,42,41,adult_dataset,0.04427138715982437,0.7564049959182739,0.04232431575655937,2.7306694644632143,0.7617852091789246,2,2.8713450464048753
Expr-9-ep-42.pt:v0,0.01,42,42,adult_dataset,0.04427138715982437,0.7564049959182739,0.04232431575655937,2.7306694644632143,0.7617852091789246,2,2.8713450464048753
Expr-9-ep-43.pt:v0,0.01,42,43,adult_dataset,0.04427138715982437,0.7564049959182739,0.04232431575655937,2.7306694644632143,0.7617852091789246,2,2.8713450464048753
Expr-9-ep-44.pt:v0,0.01,42,44,adult_dataset,0.04427138715982437,0.7564049959182739,0.04232431575655937,2.7306694644632143,0.7617852091789246,2,2.8713450464048753
Expr-9-ep-45.pt:v0,0.01,42,45,adult_dataset,0.04427138715982437,0.7564049959182739,0.04232431575655937,2.7306694644632143,0.7617852091789246,2,2.8713450464048753
Expr-9-ep-46.pt:v0,0.01,42,46,adult_dataset,0.04427138715982437,0.7564049959182739,0.04232431575655937,2.7306694644632143,0.7617852091789246,2,2.8713450464048753
Expr-9-ep-47.pt:v0,0.01,42,47,adult_dataset,0.04427138715982437,0.7564049959182739,0.04232431575655937,2.7306694644632143,0.7617852091789246,2,2.8713450464048753
Expr-9-ep-48.pt:v0,0.01,42,48,adult_dataset,0.04427138715982437,0.7564049959182739,0.04232431575655937,2.7306694644632143,0.7617852091789246,2,2.8713450464048753
Expr-9-ep-49.pt:v0,0.01,42,49,adult_dataset,0.04427138715982437,0.7564049959182739,0.04232431575655937,2.7306694644632143,0.7617852091789246,2,2.8713450464048753
Expr-8-ep-0.pt:v0,0.01,42,0,adult_dataset,0.28209298849105835,0.8064152598381042,0.1040339320898056,5.695709815246237,0.7767985463142395,2,6.414583822662608
Expr-8-ep-1.pt:v0,0.01,42,1,adult_dataset,0.0,0.7537405490875244,0.11778351664543152,17.800130092748294,0.7767985463142395,2,10.75480741544516
Expr-8-ep-2.pt:v0,0.01,42,2,adult_dataset,0.12837330996990204,0.7856118083000183,0.13271166384220123,8.210304312962156,0.781256377696991,2,7.7293703260793825
Expr-8-ep-3.pt:v0,0.01,42,3,adult_dataset,0.15276363492012024,0.7861242294311523,0.14444592595100403,8.214438533393876,0.7881225943565369,2,7.633132186665743
Expr-8-ep-4.pt:v0,0.01,42,4,adult_dataset,0.17435292899608612,0.7900184392929077,0.1529689580202103,7.9427494561418195,0.7844333052635193,2,8.18126362889733
Expr-8-ep-5.pt:v0,0.01,42,5,adult_dataset,0.18542082607746124,0.7897109985351562,0.17768418788909912,7.939828522177401,0.7878663539886475,2,7.695529272441423
Expr-8-ep-6.pt:v0,0.01,42,6,adult_dataset,0.2773105502128601,0.8142037391662598,0.193671390414238,5.64690277178722,0.7918630838394165,2,7.426716215950769
Expr-8-ep-7.pt:v0,0.01,42,7,adult_dataset,0.14736634492874146,0.7879688739776611,0.21023927628993988,8.206727302156102,0.802341639995575,2,6.4131213749440015
Expr-8-ep-8.pt:v0,0.01,42,8,adult_dataset,0.2512810230255127,0.8130764365196228,0.17715482413768768,5.920782791712901,0.7969358563423157,2,7.014997536014862
Expr-8-ep-9.pt:v0,0.01,42,9,adult_dataset,0.1582292765378952,0.7887886762619019,0.14965541660785675,8.205992223161205,0.7898903489112854,2,7.563020438034649
Expr-8-ep-10.pt:v0,0.01,42,10,adult_dataset,0.15945903956890106,0.7897109985351562,0.148784339427948,8.211241018587598,0.7920168042182922,2,7.624685188255789
Expr-8-ep-11.pt:v0,0.01,42,11,adult_dataset,0.164993017911911,0.7900184392929077,0.15134640038013458,8.216838808155506,0.7906589508056641,2,7.63110701190392
Expr-8-ep-12.pt:v0,0.01,42,12,adult_dataset,0.1994948089122772,0.7928878664970398,0.16605253517627716,7.942793911828047,0.7906333208084106,2,7.599004595570462
Expr-8-ep-13.pt:v0,0.01,42,13,adult_dataset,0.20987947285175323,0.7943226099014282,0.16758981347084043,7.947162396283973,0.7909151315689087,2,7.630851390040878
Expr-8-ep-14.pt:v0,0.01,42,14,adult_dataset,0.04427138715982437,0.7564049959182739,0.047602057456970215,2.730669440839422,0.7613240480422974,2,3.1077627899559217
Expr-8-ep-15.pt:v0,0.01,42,15,adult_dataset,0.04427138715982437,0.7564049959182739,0.04232431575655937,2.7306694644632143,0.7617852091789246,2,2.8713450463644077
Expr-8-ep-16.pt:v0,0.01,42,16,adult_dataset,0.04427138715982437,0.7564049959182739,0.04232431575655937,2.7306694644632143,0.7617852091789246,2,2.8713450464048753
Expr-8-ep-17.pt:v0,0.01,42,17,adult_dataset,0.04427138715982437,0.7564049959182739,0.04232431575655937,2.7306694644632143,0.7617852091789246,2,2.8713450464048753
Expr-8-ep-18.pt:v0,0.01,42,18,adult_dataset,0.04427138715982437,0.7564049959182739,0.04232431575655937,2.7306694644632143,0.7617852091789246,2,2.8713450464048753
Expr-8-ep-19.pt:v0,0.01,42,19,adult_dataset,0.04427138715982437,0.7564049959182739,0.04232431575655937,2.7306694644632143,0.7617852091789246,2,2.8713450464048753
Expr-8-ep-20.pt:v0,0.01,42,20,adult_dataset,0.04427138715982437,0.7564049959182739,0.04232431575655937,2.7306694644632143,0.7617852091789246,2,2.8713450464048753
Expr-8-ep-21.pt:v0,0.01,42,21,adult_dataset,0.04427138715982437,0.7564049959182739,0.04232431575655937,2.7306694644632143,0.7617852091789246,2,2.8713450464048753
Expr-8-ep-22.pt:v0,0.01,42,22,adult_dataset,0.04427138715982437,0.7564049959182739,0.04232431575655937,2.7306694644632143,0.7617852091789246,2,2.8713450464048753
Expr-8-ep-23.pt:v0,0.01,42,23,adult_dataset,0.04427138715982437,0.7564049959182739,0.04232431575655937,2.7306694644632143,0.7617852091789246,2,2.8713450464048753
Expr-8-ep-24.pt:v0,0.01,42,24,adult_dataset,0.04427138715982437,0.7564049959182739,0.04232431575655937,2.7306694644632143,0.7617852091789246,2,2.8713450464048753
Expr-8-ep-25.pt:v0,0.01,42,25,adult_dataset,0.04427138715982437,0.7564049959182739,0.04232431575655937,2.7306694644632143,0.7617852091789246,2,2.8713450464048753
Expr-8-ep-26.pt:v0,0.01,42,26,adult_dataset,0.04427138715982437,0.7564049959182739,0.04232431575655937,2.7306694644632143,0.7617852091789246,2,2.8713450464048753
Expr-8-ep-27.pt:v0,0.01,42,27,adult_dataset,0.04427138715982437,0.7564049959182739,0.04232431575655937,2.7306694644632143,0.7617852091789246,2,2.8713450464048753
Expr-8-ep-28.pt:v0,0.01,42,28,adult_dataset,0.04427138715982437,0.7564049959182739,0.04232431575655937,2.7306694644632143,0.7617852091789246,2,2.8713450464048753
Expr-8-ep-29.pt:v0,0.01,42,29,adult_dataset,0.04427138715982437,0.7564049959182739,0.04232431575655937,2.7306694644632143,0.7617852091789246,2,2.8713450464048753
Expr-8-ep-30.pt:v0,0.01,42,30,adult_dataset,0.04427138715982437,0.7564049959182739,0.04232431575655937,2.7306694644632143,0.7617852091789246,2,2.8713450464048753
Expr-8-ep-31.pt:v0,0.01,42,31,adult_dataset,0.04427138715982437,0.7564049959182739,0.04232431575655937,2.7306694644632143,0.7617852091789246,2,2.8713450464048753
Expr-8-ep-32.pt:v0,0.01,42,32,adult_dataset,0.04427138715982437,0.7564049959182739,0.04232431575655937,2.7306694644632143,0.7617852091789246,2,2.8713450464048753
Expr-8-ep-33.pt:v0,0.01,42,33,adult_dataset,0.04427138715982437,0.7564049959182739,0.04232431575655937,2.7306694644632143,0.7617852091789246,2,2.8713450464048753
Expr-8-ep-34.pt:v0,0.01,42,34,adult_dataset,0.04427138715982437,0.7564049959182739,0.04232431575655937,2.7306694644632143,0.7617852091789246,2,2.8713450464048753
Expr-8-ep-35.pt:v0,0.01,42,35,adult_dataset,0.04427138715982437,0.7564049959182739,0.04232431575655937,2.7306694644632143,0.7617852091789246,2,2.8713450464048753
Expr-8-ep-36.pt:v0,0.01,42,36,adult_dataset,0.04427138715982437,0.7564049959182739,0.04232431575655937,2.7306694644632143,0.7617852091789246,2,2.8713450464048753
Expr-8-ep-37.pt:v0,0.01,42,37,adult_dataset,0.04427138715982437,0.7564049959182739,0.04232431575655937,2.7306694644632143,0.7617852091789246,2,2.8713450464048753
Expr-8-ep-38.pt:v0,0.01,42,38,adult_dataset,0.04427138715982437,0.7564049959182739,0.04232431575655937,2.7306694644632143,0.7617852091789246,2,2.8713450464048753
Expr-8-ep-39.pt:v0,0.01,42,39,adult_dataset,0.04427138715982437,0.7564049959182739,0.04232431575655937,2.7306694644632143,0.7617852091789246,2,2.8713450464048753
Expr-8-ep-40.pt:v0,0.01,42,40,adult_dataset,0.04427138715982437,0.7564049959182739,0.04232431575655937,2.7306694644632143,0.7617852091789246,2,2.8713450464048753
Expr-8-ep-41.pt:v0,0.01,42,41,adult_dataset,0.04427138715982437,0.7564049959182739,0.04232431575655937,2.7306694644632143,0.7617852091789246,2,2.8713450464048753
Expr-8-ep-42.pt:v0,0.01,42,42,adult_dataset,0.04427138715982437,0.7564049959182739,0.04232431575655937,2.7306694644632143,0.7617852091789246,2,2.8713450464048753
Expr-8-ep-43.pt:v0,0.01,42,43,adult_dataset,0.04427138715982437,0.7564049959182739,0.04232431575655937,2.7306694644632143,0.7617852091789246,2,2.8713450464048753
Expr-8-ep-44.pt:v0,0.01,42,44,adult_dataset,0.04427138715982437,0.7564049959182739,0.04232431575655937,2.7306694644632143,0.7617852091789246,2,2.8713450464048753
Expr-8-ep-45.pt:v0,0.01,42,45,adult_dataset,0.04427138715982437,0.7564049959182739,0.04232431575655937,2.7306694644632143,0.7617852091789246,2,2.8713450464048753
Expr-8-ep-46.pt:v0,0.01,42,46,adult_dataset,0.04427138715982437,0.7564049959182739,0.04232431575655937,2.7306694644632143,0.7617852091789246,2,2.8713450464048753
Expr-8-ep-47.pt:v0,0.01,42,47,adult_dataset,0.04427138715982437,0.7564049959182739,0.04232431575655937,2.7306694644632143,0.7617852091789246,2,2.8713450464048753
Expr-8-ep-48.pt:v0,0.01,42,48,adult_dataset,0.04427138715982437,0.7564049959182739,0.04232431575655937,2.7306694644632143,0.7617852091789246,2,2.8713450464048753
Expr-8-ep-49.pt:v0,0.01,42,49,adult_dataset,0.04427138715982437,0.7564049959182739,0.04232431575655937,2.7306694644632143,0.7617852091789246,2,2.8713450464048753
Expr-7-ep-0.pt:v0,0.01,42,0,adult_dataset,0.6531434059143066,0.8078191876411438,0.5424067974090576,5.619697191776374,0.7982212901115417,256,5.698199127234664
Expr-7-ep-1.pt:v0,0.01,42,1,adult_dataset,0.6136307120323181,0.810523509979248,0.5978524684906006,3.4769785648737197,0.8113136291503906,256,4.749992367488886
Expr-7-ep-2.pt:v0,0.01,42,2,adult_dataset,0.6523842215538025,0.8173344135284424,0.6047081351280212,3.4680011119598,0.8178053498268127,256,3.462976279211979
Expr-7-ep-3.pt:v0,0.01,42,3,adult_dataset,0.47650259733200073,0.7904914617538452,0.49886664748191833,5.7801522475022535,0.8001497983932495,256,4.755763269327824
Expr-7-ep-4.pt:v0,0.01,42,4,adult_dataset,0.4862843155860901,0.7919938564300537,0.47306373715400696,5.777899846052512,0.7975456118583679,256,5.335059273476694
Expr-7-ep-5.pt:v0,0.01,42,5,adult_dataset,0.4763948023319245,0.7926949858665466,0.480003297328949,5.7753034616128,0.8020237684249878,256,5.330327183592553
Expr-7-ep-6.pt:v0,0.01,42,6,adult_dataset,0.48625314235687256,0.7956530451774597,0.48230838775634766,5.775024450742281,0.8038262724876404,256,5.328052040019067
Expr-7-ep-7.pt:v0,0.01,42,7,adult_dataset,0.48569414019584656,0.7962005734443665,0.47353631258010864,5.773987641701331,0.8020646572113037,256,5.328843396473554
Expr-7-ep-8.pt:v0,0.01,42,8,adult_dataset,0.5438079237937927,0.8097222447395325,0.47901976108551025,5.771094193825355,0.8039573431015015,256,5.32595073319728
Expr-7-ep-9.pt:v0,0.01,42,9,adult_dataset,0.528308093547821,0.8060162663459778,0.47945424914360046,5.772950991606101,0.803392231464386,256,5.326886645329544
Expr-7-ep-10.pt:v0,0.01,42,10,adult_dataset,0.5055475234985352,0.8031116127967834,0.48564961552619934,5.770438866737561,0.8055589199066162,256,5.3247824720307895
Expr-7-ep-11.pt:v0,0.01,42,11,adult_dataset,0.5426831841468811,0.8106236457824707,0.48396730422973633,5.770502891295996,0.8057597875595093,256,5.323937442567614
Expr-7-ep-12.pt:v0,0.01,42,12,adult_dataset,0.5401771068572998,0.8117788434028625,0.487626314163208,5.769271330955701,0.8065104484558105,256,5.32315220786076
Expr-7-ep-13.pt:v0,0.01,42,13,adult_dataset,0.4938764274120331,0.8016626238822937,0.4941180944442749,5.769700796176226,0.808782696723938,256,5.32184398330115
Expr-7-ep-14.pt:v0,0.01,42,14,adult_dataset,0.4774767458438874,0.7991119027137756,0.4907788634300232,5.770686663114107,0.8072065711021423,256,5.322145594490899
Expr-7-ep-15.pt:v0,0.01,42,15,adult_dataset,0.553747832775116,0.8145833015441895,0.4875012934207916,5.766435097425412,0.8069853186607361,256,5.321720053167904
Expr-7-ep-16.pt:v0,0.01,42,16,adult_dataset,0.5220962762832642,0.8082265257835388,0.5001094937324524,5.768603844520373,0.809650719165802,256,5.319921102399141
Expr-7-ep-17.pt:v0,0.01,42,17,adult_dataset,0.5380092263221741,0.8135350346565247,0.5008955001831055,5.765099855569693,0.8105732798576355,256,5.319018392781027
Expr-7-ep-18.pt:v0,0.01,42,18,adult_dataset,0.5137831568717957,0.8090745210647583,0.49843457341194153,5.764331487508921,0.8099349737167358,256,5.318510929743449
Expr-7-ep-19.pt:v0,0.01,42,19,adult_dataset,0.5069674253463745,0.809374988079071,0.5019192695617676,5.765686597579565,0.8111094236373901,256,5.317023768923641
Expr-7-ep-20.pt:v0,0.01,42,20,adult_dataset,0.5256168842315674,0.8126802444458008,0.5049330592155457,5.764968389119858,0.8122838139533997,256,5.316385528620551
Expr-7-ep-21.pt:v0,0.01,42,21,adult_dataset,0.4999997615814209,0.8066706657409668,0.5041288733482361,5.766017186336028,0.8118242621421814,256,5.315625511742885
Expr-7-ep-22.pt:v0,0.01,42,22,adult_dataset,0.5087178349494934,0.8087739944458008,0.5062615275382996,5.768987374427991,0.8128199577331543,256,5.314899086173064
Expr-7-ep-23.pt:v0,0.01,42,23,adult_dataset,0.5225032567977905,0.8099759221076965,0.5095835328102112,5.767707971426157,0.814527153968811,256,5.314385750714471
Expr-7-ep-24.pt:v0,0.01,42,24,adult_dataset,0.5319692492485046,0.8143829703330994,0.510479211807251,5.7645981800861845,0.8143739700317383,256,5.313266590529797
Expr-7-ep-25.pt:v0,0.01,42,25,adult_dataset,0.5521941781044006,0.8151842951774597,0.5085978507995605,5.760120507998344,0.814242959022522,256,5.313624899371777
Expr-7-ep-26.pt:v0,0.01,42,26,adult_dataset,0.5550956726074219,0.8142828345298767,0.5110437870025635,5.76273433978741,0.8149611949920654,256,5.312248505018895
Expr-7-ep-27.pt:v0,0.01,42,27,adult_dataset,0.5220326781272888,0.8094751238822937,0.5122826099395752,5.7664095010512915,0.8151177763938904,256,5.311812345498527
Expr-7-ep-28.pt:v0,0.01,42,28,adult_dataset,0.5181395411491394,0.8104767203330994,0.5148258805274963,5.76616234657092,0.8162479996681213,256,5.311341310638229
Expr-7-ep-29.pt:v0,0.01,42,29,adult_dataset,0.5162605047225952,0.8107772469520569,0.5121455788612366,5.765370271144769,0.8159960508346558,256,5.310831492243249
Expr-7-ep-30.pt:v0,0.01,42,30,adult_dataset,0.5279189944267273,0.8103765845298767,0.5140315294265747,5.768548030119676,0.816167950630188,256,5.310162915902979
Expr-7-ep-31.pt:v0,0.01,42,31,adult_dataset,0.5149630308151245,0.8095753192901611,0.5114611983299255,5.764943452981802,0.8153220415115356,256,5.310464354122386
Expr-7-ep-32.pt:v0,0.01,42,32,adult_dataset,0.5257128477096558,0.8106770515441895,0.5153154134750366,5.766615745348808,0.8163654208183289,256,5.310008896721734
Expr-7-ep-33.pt:v0,0.01,42,33,adult_dataset,0.515437662601471,0.8110777139663696,0.5134233236312866,5.766525904337565,0.8156352043151855,256,5.311151693849003
Expr-7-ep-34.pt:v0,0.01,42,34,adult_dataset,0.5395752191543579,0.813982367515564,0.5166618227958679,5.760127446590325,0.8166496157646179,256,5.310048681458617
Expr-7-ep-35.pt:v0,0.01,42,35,adult_dataset,0.5262977480888367,0.8094751238822937,0.5154415965080261,5.767042490152212,0.8167585730552673,256,5.309492569343717
Expr-7-ep-36.pt:v0,0.01,42,36,adult_dataset,0.544691801071167,0.8125801086425781,0.5167482495307922,5.761952302394769,0.8168794512748718,256,5.310049638249516
Expr-7-ep-37.pt:v0,0.01,42,37,adult_dataset,0.5434090495109558,0.811478316783905,0.5145657062530518,5.766508322495681,0.8169815540313721,256,5.309445032886431
Expr-7-ep-38.pt:v0,0.01,42,38,adult_dataset,0.5480170845985413,0.8120259046554565,0.5150685906410217,5.763175884882609,0.8166496157646179,256,5.3088714102514425
Expr-7-ep-39.pt:v0,0.01,42,39,adult_dataset,0.5428375601768494,0.810276448726654,0.5163772106170654,5.768720443432148,0.8169083595275879,256,5.309152104496177
Expr-7-ep-40.pt:v0,0.01,42,40,adult_dataset,0.5301682353019714,0.8099225163459778,0.5164684653282166,5.765642948639699,0.8169593811035156,256,5.308620593906228
Expr-7-ep-41.pt:v0,0.01,42,41,adult_dataset,0.546924352645874,0.8118323087692261,0.5170561075210571,5.763560148385855,0.8174411058425903,256,5.308856172499314
Expr-7-ep-42.pt:v0,0.01,42,42,adult_dataset,0.5485312342643738,0.8100227117538452,0.5157184600830078,5.76067712979439,0.8172947764396667,256,5.30865772721035
Expr-7-ep-43.pt:v0,0.01,42,43,adult_dataset,0.5453813076019287,0.8112313151359558,0.5178710222244263,5.763103564580281,0.8168827891349792,256,5.308173347921932
Expr-7-ep-44.pt:v0,0.01,42,44,adult_dataset,0.545772135257721,0.811224639415741,0.5178523063659668,5.761913892550346,0.81791090965271,256,5.308300949389638
Expr-7-ep-45.pt:v0,0.01,42,45,adult_dataset,0.5452367067337036,0.8111778497695923,0.5167877674102783,5.764671026132046,0.8174257874488831,256,5.3082594871521
Expr-7-ep-46.pt:v0,0.01,42,46,adult_dataset,0.5381568670272827,0.8090211153030396,0.5177330374717712,5.762722247686142,0.8174768686294556,256,5.30778619978163
Expr-7-ep-47.pt:v0,0.01,42,47,adult_dataset,0.5490345358848572,0.8119324445724487,0.5158620476722717,5.761990229288737,0.8169407248497009,256,5.307680825002833
Expr-7-ep-48.pt:v0,0.01,42,48,adult_dataset,0.5446977019309998,0.8112780451774597,0.517265260219574,5.762008245174702,0.8175245523452759,256,5.30734395435433
Expr-7-ep-49.pt:v0,0.01,42,49,adult_dataset,0.5536134839057922,0.8107772469520569,0.516340970993042,5.760914441866753,0.8173747062683105,256,5.307098864729888
Expr-6-ep-0.pt:v0,0.01,42,0,adult_dataset,0.5084190368652344,0.8110026121139526,0.4707116484642029,0.5537203997373581,0.8029271364212036,512,1.701138994136414
Expr-6-ep-1.pt:v0,0.01,42,1,adult_dataset,0.6854020357131958,0.8338476419448853,0.5921942591667175,0.3624399587512016,0.8261617422103882,512,0.38333819980745193
Expr-6-ep-2.pt:v0,0.01,42,2,adult_dataset,0.6649028062820435,0.8437174558639526,0.6075754165649414,0.34230374693870547,0.8283752799034119,512,0.3777702771998071
Expr-6-ep-3.pt:v0,0.01,42,3,adult_dataset,0.597560703754425,0.8348372578620911,0.6208710670471191,0.34003239423036574,0.8361691832542419,512,0.34830963572898466
Expr-6-ep-4.pt:v0,0.01,42,4,adult_dataset,0.6253641843795776,0.8349218368530273,0.6232031583786011,0.33911558538675307,0.8386803269386292,512,0.3427759215429232
Expr-6-ep-5.pt:v0,0.01,42,5,adult_dataset,0.6339354515075684,0.8359960317611694,0.6245641708374023,0.3367388367652893,0.8388646245002747,512,0.345699885061809
Expr-6-ep-6.pt:v0,0.01,42,6,adult_dataset,0.6356821060180664,0.8374674916267395,0.6341257691383362,0.3411550983786583,0.8431074619293213,512,0.3497973916592536
Expr-6-ep-7.pt:v0,0.01,42,7,adult_dataset,0.641194224357605,0.8369792103767395,0.635716438293457,0.33768069595098493,0.8442116379737854,512,0.3533171299216035
Expr-6-ep-8.pt:v0,0.01,42,8,adult_dataset,0.6367257833480835,0.8375651240348816,0.6356622576713562,0.3411000445485115,0.8438751697540283,512,0.35089489662802065
Expr-6-ep-9.pt:v0,0.01,42,9,adult_dataset,0.6383891105651855,0.8405925035476685,0.6317038536071777,0.333612522482872,0.8423718810081482,512,0.3521741311271469
Expr-6-ep-10.pt:v0,0.01,42,10,adult_dataset,0.6556628942489624,0.8431315422058105,0.6249803900718689,0.32846141755580904,0.8406587839126587,512,0.3528999937819196
Expr-6-ep-11.pt:v0,0.01,42,11,adult_dataset,0.6915661096572876,0.8522135615348816,0.6336609721183777,0.3256292209029198,0.8431327939033508,512,0.3445985669439489
Expr-6-ep-12.pt:v0,0.01,42,12,adult_dataset,0.6999365091323853,0.8528971672058105,0.6340399384498596,0.3264095261693001,0.8433610796928406,512,0.3489676942298939
Expr-6-ep-13.pt:v0,0.01,42,13,adult_dataset,0.6622390151023865,0.8442057371139526,0.6408780813217163,0.32730074375867846,0.8453903198242188,512,0.3459492689603335
Expr-6-ep-14.pt:v0,0.01,42,14,adult_dataset,0.6806036233901978,0.8500651121139526,0.6376996040344238,0.32706196457147596,0.8448136448860168,512,0.3455770929138382
Expr-6-ep-15.pt:v0,0.01,42,15,adult_dataset,0.6457229256629944,0.8406901359558105,0.6394362449645996,0.3285638302564621,0.8452566862106323,512,0.3439751724144081
Expr-6-ep-16.pt:v0,0.01,42,16,adult_dataset,0.6472085118293762,0.8405013084411621,0.6378386616706848,0.3309719324111938,0.8448136448860168,512,0.3435419341186424
Expr-6-ep-17.pt:v0,0.01,42,17,adult_dataset,0.6482530236244202,0.8409895896911621,0.6391591429710388,0.3356947392225266,0.8455932140350342,512,0.3430673758704941
Expr-6-ep-18.pt:v0,0.01,42,18,adult_dataset,0.6430016160011292,0.8400130271911621,0.6410602927207947,0.3348774671554565,0.8464116454124451,512,0.342653233122516
Expr-6-ep-19.pt:v0,0.01,42,19,adult_dataset,0.6443342566490173,0.8401106595993042,0.6426367163658142,0.3303355872631073,0.846969723701477,512,0.3413280840817984
Expr-6-ep-20.pt:v0,0.01,42,20,adult_dataset,0.6493206024169922,0.8414778709411621,0.6428942680358887,0.33240739479660986,0.8469070792198181,512,0.3413700523314538
Expr-6-ep-21.pt:v0,0.01,42,21,adult_dataset,0.6465793251991272,0.8411849141120911,0.6449025869369507,0.3336350344121456,0.8481178879737854,512,0.341673917584605
Expr-6-ep-22.pt:v0,0.01,42,22,adult_dataset,0.6485257148742676,0.8410872220993042,0.6469224095344543,0.3327623136341572,0.8487266302108765,512,0.34440856901082123
Expr-6-ep-23.pt:v0,0.01,42,23,adult_dataset,0.6515544652938843,0.8416731953620911,0.6476404666900635,0.329792320728302,0.8492221832275391,512,0.3435080519744328
Expr-6-ep-24.pt:v0,0.01,42,24,adult_dataset,0.6987894177436829,0.8562239408493042,0.6471870541572571,0.3227752700448036,0.8490310311317444,512,0.34294269456491844
Expr-6-ep-25.pt:v0,0.01,42,25,adult_dataset,0.6916376948356628,0.8577864766120911,0.6499891877174377,0.32264080345630647,0.8502925634384155,512,0.3424713356154306
Expr-6-ep-26.pt:v0,0.01,42,26,adult_dataset,0.6689665913581848,0.8492903709411621,0.6443007588386536,0.32453244999051095,0.8486894965171814,512,0.34238846696816483
Expr-6-ep-27.pt:v0,0.01,42,27,adult_dataset,0.6913613080978394,0.8569075465202332,0.6508426666259766,0.32171439826488496,0.8507051467895508,512,0.34160842910989536
Expr-6-ep-28.pt:v0,0.01,42,28,adult_dataset,0.6940502524375916,0.8564192652702332,0.6532413363456726,0.3219144940376282,0.8514153361320496,512,0.3395530434397908
Expr-6-ep-29.pt:v0,0.01,42,29,adult_dataset,0.6977246999740601,0.85798180103302,0.6499422192573547,0.32361126467585566,0.8508387207984924,512,0.3392495834208154
Expr-6-ep-30.pt:v0,0.01,42,30,adult_dataset,0.6661519408226013,0.84626305103302,0.6483166217803955,0.3278986230492592,0.8500913381576538,512,0.3404437961516442
Expr-6-ep-31.pt:v0,0.01,42,31,adult_dataset,0.6894471049308777,0.8559309840202332,0.652568519115448,0.32508152574300764,0.8520241379737854,512,0.3388820809203309
Expr-6-ep-32.pt:v0,0.01,42,32,adult_dataset,0.6936923861503601,0.8585677146911621,0.6524284482002258,0.32293297350406647,0.8514914512634277,512,0.3391776460331756
Expr-6-ep-33.pt:v0,0.01,42,33,adult_dataset,0.6890714764595032,0.8564192652702332,0.6559349894523621,0.32129653692245486,0.8529001474380493,512,0.33686123614187363
Expr-6-ep-34.pt:v0,0.01,42,34,adult_dataset,0.6903408765792847,0.8572981953620911,0.6558017134666443,0.322754430770874,0.8529508709907532,512,0.33558990932130195
Expr-6-ep-35.pt:v0,0.01,42,35,adult_dataset,0.6557050347328186,0.8444075584411621,0.6511327028274536,0.3283054806292057,0.851263165473938,512,0.337689477514911
Expr-6-ep-36.pt:v0,0.01,42,36,adult_dataset,0.6909444332122803,0.8569075465202332,0.6575537323951721,0.3265058621764183,0.8534767031669617,512,0.3353316423954902
Expr-6-ep-37.pt:v0,0.01,42,37,adult_dataset,0.6902003884315491,0.8573958277702332,0.6538315415382385,0.3222134828567505,0.8523842692375183,512,0.33557522645244353
Expr-6-ep-38.pt:v0,0.01,42,38,adult_dataset,0.695199728012085,0.8573958277702332,0.6570559144020081,0.3227687105536461,0.8534327745437622,512,0.33466906206948416
Expr-6-ep-39.pt:v0,0.01,42,39,adult_dataset,0.6918856501579285,0.8582747578620911,0.6590934991836548,0.3234445795416832,0.8535460233688354,512,0.3351657282222401
Expr-6-ep-40.pt:v0,0.01,42,40,adult_dataset,0.6897947192192078,0.8572981953620911,0.6583289504051208,0.32345344722270963,0.8538386225700378,512,0.33464219159894176
Expr-6-ep-41.pt:v0,0.01,42,41,adult_dataset,0.6996288299560547,0.8593489527702332,0.6569297313690186,0.3216941639780998,0.85334312915802,512,0.33481638733442726
Expr-6-ep-42.pt:v0,0.01,42,42,adult_dataset,0.6997435688972473,0.8592513203620911,0.6582378149032593,0.3187530510127544,0.8547315001487732,512,0.3336058680887346
Expr-6-ep-43.pt:v0,0.01,42,43,adult_dataset,0.6905525922775269,0.8593489527702332,0.6591500639915466,0.32176340073347093,0.8542376160621643,512,0.3338207931487591
Expr-6-ep-44.pt:v0,0.01,42,44,adult_dataset,0.6906447410583496,0.8583723902702332,0.6594260334968567,0.32020422220230105,0.8546367287635803,512,0.3331498871375988
Expr-6-ep-45.pt:v0,0.01,42,45,adult_dataset,0.6936884522438049,0.8595442771911621,0.6580881476402283,0.3201815366744995,0.8543526530265808,512,0.3332273309881037
Expr-6-ep-46.pt:v0,0.01,42,46,adult_dataset,0.6916685700416565,0.8580859303474426,0.6545819044113159,0.3168952763080597,0.8522152304649353,512,0.3426149808741235
Expr-6-ep-47.pt:v0,0.01,42,47,adult_dataset,0.6834084987640381,0.8575911521911621,0.6618688702583313,0.3212305575609207,0.8554805517196655,512,0.3322185490812574
Expr-6-ep-48.pt:v0,0.01,42,48,adult_dataset,0.6940608620643616,0.8596484065055847,0.6610212922096252,0.3213694363832474,0.8544101715087891,512,0.3329182282670752
Expr-6-ep-49.pt:v0,0.01,42,49,adult_dataset,0.694269061088562,0.8600390553474426,0.6608392000198364,0.3187675416469574,0.8550172448158264,512,0.33184048610848266
Expr-5-ep-0.pt:v0,0.01,42,0,adult_dataset,0.6266046166419983,0.8154234886169434,0.4824744164943695,0.3724567081107468,0.7956711053848267,32,0.588231994431527
Expr-5-ep-1.pt:v0,0.01,42,1,adult_dataset,0.6073942184448242,0.8134835958480835,0.5770270824432373,0.3684804094130876,0.8089737296104431,32,0.6734634754354837
Expr-5-ep-2.pt:v0,0.01,42,2,adult_dataset,0.5563762187957764,0.8131762146949768,0.5906233191490173,0.36993790860058834,0.8128671646118164,32,0.37077128840763063
Expr-5-ep-3.pt:v0,0.01,42,3,adult_dataset,0.5703407526016235,0.8158469796180725,0.5663625001907349,0.3684970528375907,0.8140881061553955,32,0.3664066966317716
Expr-5-ep-4.pt:v0,0.01,42,4,adult_dataset,0.580374538898468,0.8169740438461304,0.5642420649528503,2.812569681054256,0.8139856457710266,32,0.47123581186914054
Expr-5-ep-5.pt:v0,0.01,42,5,adult_dataset,0.5817674994468689,0.8137021660804749,0.5580486059188843,2.8119012523381435,0.8162397742271423,32,2.52891351539092
Expr-5-ep-6.pt:v0,0.01,42,6,adult_dataset,0.5792921781539917,0.8134903907775879,0.5580805540084839,2.8112706912834136,0.8170081973075867,32,2.5328661792346687
Expr-5-ep-7.pt:v0,0.01,42,7,adult_dataset,0.5754265785217285,0.818196713924408,0.5570248961448669,0.36352966247034857,0.8169825673103333,32,1.9922190525981247
Expr-5-ep-8.pt:v0,0.01,42,8,adult_dataset,0.5865468382835388,0.8131762146949768,0.570137083530426,0.3671772732597883,0.8157616257667542,32,0.3629055072416047
Expr-5-ep-9.pt:v0,0.01,42,9,adult_dataset,0.5863398909568787,0.8178893327713013,0.571752667427063,0.36333302660066574,0.8168032765388489,32,0.36259738429159416
Expr-5-ep-10.pt:v0,0.01,42,10,adult_dataset,0.569381833076477,0.8148155808448792,0.5729188323020935,0.36242366970562545,0.8162909746170044,32,0.3618718559441508
Expr-5-ep-11.pt:v0,0.01,42,11,adult_dataset,0.5751933455467224,0.8163524866104126,0.5727203488349915,0.36189671999118367,0.8178876638412476,32,0.36023295558378343
Expr-5-ep-12.pt:v0,0.01,42,12,adult_dataset,0.5696949362754822,0.8158401846885681,0.5712437629699707,0.36115766646432096,0.8174180388450623,32,0.3615688854920082
Expr-5-ep-13.pt:v0,0.01,42,13,adult_dataset,0.5799978971481323,0.8179917931556702,0.5755369067192078,0.363848132579053,0.8184426426887512,32,0.3606989540648265
Expr-5-ep-14.pt:v0,0.01,42,14,adult_dataset,0.5765678882598877,0.819535493850708,0.5721471309661865,0.3701712503784992,0.8170338273048401,32,0.3610602375303136
Expr-5-ep-15.pt:v0,0.01,42,15,adult_dataset,0.5789034962654114,0.815546452999115,0.5789240598678589,0.3633187644794339,0.8176485896110535,32,0.3595448450231161
Expr-5-ep-16.pt:v0,0.01,42,16,adult_dataset,0.5764556527137756,0.8151229619979858,0.5718510150909424,0.3642431190267938,0.8170081973075867,32,0.36005114639391667
Expr-5-ep-17.pt:v0,0.01,42,17,adult_dataset,0.5666720271110535,0.815942645072937,0.584472119808197,0.3636792963645497,0.819236695766449,32,0.3592103162139166
Expr-5-ep-18.pt:v0,0.01,42,18,adult_dataset,0.5774786472320557,0.8156352639198303,0.5802580118179321,0.36517882474133223,0.8190829753875732,32,0.35834959476086936
Expr-5-ep-19.pt:v0,0.01,42,19,adult_dataset,0.5734606385231018,0.8167623281478882,0.5776885747909546,0.3642858409002179,0.8184767961502075,32,0.358947567818839
Expr-5-ep-20.pt:v0,0.01,42,20,adult_dataset,0.5733051896095276,0.8179917931556702,0.5770599842071533,0.3616413120363579,0.817725419998169,32,0.35956610343495354
Expr-5-ep-21.pt:v0,0.01,42,21,adult_dataset,0.574042022228241,0.8171721696853638,0.5771479606628418,0.3617335715254799,0.8178790807723999,32,0.35871209242060537
Expr-5-ep-22.pt:v0,0.01,42,22,adult_dataset,0.5747366547584534,0.8165642023086548,0.5790749788284302,0.364280452786899,0.8183145523071289,32,0.3584147436696975
Expr-5-ep-23.pt:v0,0.01,42,23,adult_dataset,0.5716719627380371,0.8157377243041992,0.5786699056625366,0.3637934065255962,0.8181096315383911,32,0.3590374037501265
Expr-5-ep-24.pt:v0,0.01,42,24,adult_dataset,0.5775880217552185,0.8154303431510925,0.5784452557563782,0.362758497478532,0.8175973296165466,32,0.3582799662759558
Expr-5-ep-25.pt:v0,0.01,42,25,adult_dataset,0.5837363600730896,0.8147131204605103,0.5778791904449463,0.365011708365112,0.8152408003807068,32,0.3662191420060689
Expr-5-ep-26.pt:v0,0.01,42,26,adult_dataset,0.5884683132171631,0.8173770308494568,0.5758466720581055,0.3630407300151762,0.8172899484634399,32,0.3593981188523476
Expr-5-ep-27.pt:v0,0.01,42,27,adult_dataset,0.575459897518158,0.8145081996917725,0.5762143731117249,0.36472343641226407,0.817136287689209,32,0.3580337240253804
Expr-5-ep-28.pt:v0,0.01,42,28,adult_dataset,0.5867214798927307,0.8178893327713013,0.5777784585952759,0.3638418778532841,0.8178790807723999,32,0.35783270378826093
Expr-5-ep-29.pt:v0,0.01,42,29,adult_dataset,0.5818874835968018,0.8156352639198303,0.5708392262458801,0.36631460375473146,0.8173155784606934,32,0.3593440668138324
Expr-5-ep-30.pt:v0,0.01,42,30,adult_dataset,0.4929840564727783,0.7925683259963989,0.5097211599349976,5.757858390641994,0.8092468976974487,32,2.454796848855302
Expr-5-ep-31.pt:v0,0.01,42,31,adult_dataset,0.45439592003822327,0.7968852519989014,0.4334660768508911,5.751089931316063,0.7982581853866577,32,5.321791557466886
Expr-5-ep-32.pt:v0,0.01,42,32,adult_dataset,0.4423045814037323,0.7962636351585388,0.4414684474468231,5.748486624193974,0.7990522384643555,32,5.324852376064805
Expr-5-ep-33.pt:v0,0.01,42,33,adult_dataset,0.4262806475162506,0.7951434254646301,0.43931129574775696,5.7487207566616965,0.79897540807724,32,5.325720843532291
Expr-5-ep-34.pt:v0,0.01,42,34,adult_dataset,0.4551974833011627,0.7973018884658813,0.4358548521995544,5.749884920774913,0.79746413230896,32,5.326344597522841
Expr-5-ep-35.pt:v0,0.01,42,35,adult_dataset,0.45900434255599976,0.7985314130783081,0.42422959208488464,5.750447063807581,0.7975153923034668,32,5.327548506990319
Expr-5-ep-36.pt:v0,0.01,42,36,adult_dataset,0.434160441160202,0.7965778708457947,0.43488073348999023,5.749881941128949,0.7991803288459778,32,5.3248187242228475
Expr-5-ep-37.pt:v0,0.01,42,37,adult_dataset,0.45030125975608826,0.7973975539207458,0.4401003122329712,5.748398959978682,0.8001536726951599,32,5.324155959096111
Expr-5-ep-38.pt:v0,0.01,42,38,adult_dataset,0.4380813241004944,0.7944194078445435,0.42353305220603943,5.7547397945259435,0.7975665926933289,32,5.326842858709517
Expr-5-ep-39.pt:v0,0.01,42,39,adult_dataset,0.4410323798656464,0.7961611747741699,0.4328150153160095,5.751411061306468,0.7982325553894043,32,5.324410878830268
Expr-5-ep-40.pt:v0,0.01,42,40,adult_dataset,0.445305734872818,0.7954508066177368,0.434057354927063,5.749450903446948,0.7984374761581421,32,5.325670402582552
Expr-5-ep-41.pt:v0,0.01,42,41,adult_dataset,0.4368429183959961,0.7966734766960144,0.43557414412498474,5.754990414517825,0.7993852496147156,32,5.324519102953253
Expr-5-ep-42.pt:v0,0.01,42,42,adult_dataset,0.4456468522548675,0.7965846657752991,0.4311513304710388,8.193642260940349,0.7990266680717468,32,6.204903342135128
Expr-5-ep-43.pt:v0,0.01,42,43,adult_dataset,0.4633140563964844,0.7965778708457947,0.4565586745738983,5.7515915681592755,0.802433431148529,32,5.673730464609432
Expr-5-ep-44.pt:v0,0.01,42,44,adult_dataset,0.4597075879573822,0.7979030013084412,0.4449622631072998,5.750395406123068,0.7997438311576843,32,5.324156834838576
Expr-5-ep-45.pt:v0,0.01,42,45,adult_dataset,0.43869343400001526,0.7955464124679565,0.451720654964447,5.7501064248749465,0.7993852496147156,32,5.322501824264888
Expr-5-ep-46.pt:v0,0.01,42,46,adult_dataset,0.4356020092964173,0.7935177683830261,0.4483657479286194,5.7615318367227175,0.7982838153839111,32,5.3237338750210945
Expr-5-ep-47.pt:v0,0.01,42,47,adult_dataset,0.4379972219467163,0.7940095663070679,0.4379444122314453,5.750605340912694,0.7987448573112488,32,5.326195365276004
Expr-5-ep-48.pt:v0,0.01,42,48,adult_dataset,0.4253928661346435,0.7952322363853455,0.43552085757255554,5.751031914157946,0.7984631061553955,32,5.326260309287759
Expr-5-ep-49.pt:v0,0.01,42,49,adult_dataset,0.4336360692977905,0.7946243286132812,0.4455902576446533,5.749068654853789,0.7995901703834534,32,5.323548814776491
Expr-4-ep-0.pt:v0,0.01,42,0,adult_dataset,0.41248705983161926,0.785443902015686,0.27078282833099365,8.203597562180626,0.7807304263114929,64,7.608520868664883
Expr-4-ep-1.pt:v0,0.01,42,1,adult_dataset,0.4207857549190521,0.7888140082359314,0.39739084243774414,8.198575050417894,0.7916642427444458,64,7.618809563385659
Expr-4-ep-2.pt:v0,0.01,42,2,adult_dataset,0.4366546869277954,0.7896310091018677,0.39869651198387146,8.196183769726286,0.7951405048370361,64,7.613211861570351
Expr-4-ep-3.pt:v0,0.01,42,3,adult_dataset,0.4351218640804291,0.7907543778419495,0.39782488346099854,8.194515956577911,0.7959199547767639,64,7.611284075848392
Expr-4-ep-4.pt:v0,0.01,42,4,adult_dataset,0.4860531687736511,0.7879970073699951,0.4058711528778076,8.200686747926513,0.7961687445640564,64,7.609153768591216
Expr-4-ep-5.pt:v0,0.01,42,5,adult_dataset,0.472094863653183,0.7892225384712219,0.4084480404853821,8.198132667666167,0.7977898120880127,64,7.607333707174317
Expr-4-ep-6.pt:v0,0.01,42,6,adult_dataset,0.4715811610221863,0.7905501127243042,0.41111570596694946,8.203295188012467,0.7983277440071106,64,7.606211067443011
Expr-4-ep-7.pt:v0,0.01,42,7,adult_dataset,0.4607971310615539,0.7908564805984497,0.4188454449176788,8.194439774440005,0.7987632155418396,64,7.605846048671691
Expr-4-ep-8.pt:v0,0.01,42,8,adult_dataset,0.4742401838302612,0.792286217212677,0.41646334528923035,8.192493839298978,0.7990412712097168,64,7.605022598241196
Expr-4-ep-9.pt:v0,0.01,42,9,adult_dataset,0.4647810161113739,0.792388379573822,0.41907182335853577,8.191546432917415,0.7990120053291321,64,7.604662627348157
Expr-4-ep-10.pt:v0,0.01,42,10,adult_dataset,0.49048689007759094,0.7931032180786133,0.4182940423488617,8.192908775572683,0.7995023727416992,64,7.604040507923385
Expr-4-ep-11.pt:v0,0.01,42,11,adult_dataset,0.4774304926395416,0.7941244840621948,0.4194495975971222,8.191053151889564,0.7999853491783142,64,7.603967156077995
Expr-4-ep-12.pt:v0,0.01,42,12,adult_dataset,0.47863849997520447,0.7949414849281311,0.4230688810348511,8.192837244252754,0.8003988862037659,64,7.602784157068026
Expr-4-ep-13.pt:v0,0.01,42,13,adult_dataset,0.47013112902641296,0.7946351170539856,0.4221240878105163,8.190901160240173,0.8004427552223206,64,7.601572586009737
Expr-4-ep-14.pt:v0,0.01,42,14,adult_dataset,0.4754348397254944,0.7946351170539856,0.42285075783729553,8.190791062669817,0.8006806373596191,64,7.601627149787105
Expr-4-ep-15.pt:v0,0.01,42,15,adult_dataset,0.46860939264297485,0.7945329546928406,0.42956972122192383,8.18926797427383,0.8019832968711853,64,7.599762042501911
Expr-4-ep-16.pt:v0,0.01,42,16,adult_dataset,0.4573284089565277,0.7935117483139038,0.4303986728191376,8.189974136894046,0.801965057849884,64,7.599963359827878
Expr-4-ep-17.pt:v0,0.01,42,17,adult_dataset,0.4478731751441955,0.793001115322113,0.4288528561592102,8.189404816798914,0.8015515208244324,64,7.599885741096051
Expr-4-ep-18.pt:v0,0.01,42,18,adult_dataset,0.449635237455368,0.793613851070404,0.43063458800315857,8.19022524356842,0.8014490604400635,64,7.598755861940931
Expr-4-ep-19.pt:v0,0.01,42,19,adult_dataset,0.4511214196681976,0.7931032180786133,0.4334582090377808,8.19213488405826,0.8016539812088013,64,7.598743514814338
Expr-4-ep-20.pt:v0,0.01,42,20,adult_dataset,0.45353564620018005,0.7939202189445496,0.4312087297439575,8.190344051792732,0.8021589517593384,64,7.598751980652574
Expr-4-ep-21.pt:v0,0.01,42,21,adult_dataset,0.460614413022995,0.7951457500457764,0.4333159029483795,8.19051979209473,0.8019540309906006,64,7.597803352015918
Expr-4-ep-22.pt:v0,0.01,42,22,adult_dataset,0.4597227275371551,0.793613851070404,0.43328857421875,8.190059143928142,0.8021443486213684,64,7.598570951599567
Expr-4-ep-23.pt:v0,0.01,42,23,adult_dataset,0.4372238516807556,0.7931032180786133,0.43412134051322937,8.19011040119564,0.8022431135177612,64,7.597973551491245
Expr-4-ep-24.pt:v0,0.01,42,24,adult_dataset,0.4580269157886505,0.7946351170539856,0.4362549781799317,8.191947427158262,0.8025249242782593,64,7.598801554128772
Expr-4-ep-25.pt:v0,0.01,42,25,adult_dataset,0.46564993262290955,0.7948393225669861,0.43389907479286194,8.190535580995036,0.8022870421409607,64,7.598161457161434
Expr-4-ep-26.pt:v0,0.01,42,26,adult_dataset,0.43957629799842834,0.7942402362823486,0.43720918893814087,8.189291119770287,0.8032640218734741,64,7.597511219538626
Expr-4-ep-27.pt:v0,0.01,42,27,adult_dataset,0.4381100535392761,0.7924904823303223,0.4400479793548584,8.19009936566836,0.8033921122550964,64,7.597884672904601
Expr-4-ep-28.pt:v0,0.01,42,28,adult_dataset,0.4482879042625427,0.7948393225669861,0.43851998448371887,8.191978106116936,0.8031359314918518,64,7.597493716903397
Expr-4-ep-29.pt:v0,0.01,42,29,adult_dataset,0.45468688011169434,0.7944444417953491,0.4376347362995148,8.19006901151604,0.8034653067588806,64,7.597843623796448
Expr-4-ep-30.pt:v0,0.01,42,30,adult_dataset,0.4413726329803467,0.792286217212677,0.4341786503791809,8.19020310570212,0.8027224540710449,64,7.597798865496135
Expr-4-ep-31.pt:v0,0.01,42,31,adult_dataset,0.4452300369739533,0.7946351170539856,0.4371243417263031,8.191733875598004,0.8028541803359985,64,7.59764133831028
Expr-4-ep-32.pt:v0,0.01,42,32,adult_dataset,0.44986170530319214,0.7938181161880493,0.4374971091747284,8.19431986937336,0.8031322956085205,64,7.597770026692602
Expr-4-ep-33.pt:v0,0.01,42,33,adult_dataset,0.4540455639362335,0.7958741784095764,0.4352512955665589,8.198683764517696,0.8026675581932068,64,7.598158113463003
Expr-4-ep-34.pt:v0,0.01,42,34,adult_dataset,0.468289852142334,0.7961805462837219,0.4378510117530823,8.192890813245493,0.8032603859901428,64,7.597525587140536
Expr-4-ep-35.pt:v0,0.01,42,35,adult_dataset,0.45165127515792847,0.7934095859527588,0.4379667639732361,8.191390825642479,0.8029822707176208,64,7.597911896544402
Expr-4-ep-36.pt:v0,0.01,42,36,adult_dataset,0.4447804987430573,0.7942402362823486,0.4373709261417389,8.195796368947995,0.8032383918762207,64,7.597316584943748
Expr-4-ep-37.pt:v0,0.01,42,37,adult_dataset,0.4518323540687561,0.7943423390388489,0.4406866729259491,8.191975080889035,0.8039263486862183,64,7.597305464133864
Expr-4-ep-38.pt:v0,0.01,42,38,adult_dataset,0.4548057019710541,0.7944308519363403,0.43783748149871826,8.19518416214223,0.8034653067588806,64,7.5973460003733635
Expr-4-ep-39.pt:v0,0.01,42,39,adult_dataset,0.45483508706092834,0.7943423390388489,0.43727442622184753,8.190994149913974,0.8034653067588806,64,7.597768293858552
Expr-4-ep-40.pt:v0,0.01,42,40,adult_dataset,0.4572593867778778,0.7946351170539856,0.43747758865356445,8.195728141887516,0.8032567501068115,64,7.597306781347658
Expr-4-ep-41.pt:v0,0.01,42,41,adult_dataset,0.4530381262302398,0.7940223813056946,0.43919306993484497,8.190838000743218,0.8037214279174805,64,7.597638058295993
Expr-4-ep-42.pt:v0,0.01,42,42,adult_dataset,0.43901097774505615,0.7946487069129944,0.4373998939990998,8.196017362031283,0.8032896518707275,64,7.59699923310612
Expr-4-ep-43.pt:v0,0.01,42,43,adult_dataset,0.4589347541332245,0.7951457500457764,0.4408191740512848,8.193338950085485,0.8039776086807251,64,7.596642594405862
Expr-4-ep-44.pt:v0,0.01,42,44,adult_dataset,0.465657651424408,0.7956699728965759,0.4396154582500458,8.191124308148241,0.8035165071487427,64,7.596912139312166
Expr-4-ep-45.pt:v0,0.01,42,45,adult_dataset,0.45996254682540894,0.7947372198104858,0.43827369809150696,8.193681560115877,0.8036153316497803,64,7.597138330706807
Expr-4-ep-46.pt:v0,0.01,42,46,adult_dataset,0.4488458037376404,0.7934095859527588,0.4373507499694824,8.19169337492363,0.8032640218734741,64,7.596721695387949
Expr-4-ep-47.pt:v0,0.01,42,47,adult_dataset,0.4539693295955658,0.7952614426612854,0.4410963356494904,8.193918418942713,0.8040031790733337,64,7.596866198421502
Expr-4-ep-48.pt:v0,0.01,42,48,adult_dataset,0.4569390118122101,0.7953636050224304,0.4374910891056061,8.193412730896394,0.8033079504966736,64,7.596978070770131
Expr-4-ep-49.pt:v0,0.01,42,49,adult_dataset,0.4581131637096405,0.7949414849281311,0.437298595905304,8.193626420755013,0.8030810952186584,64,7.597141755995203
Expr-3-ep-0.pt:v0,0.01,42,0,adult_dataset,0.6266046166419983,0.8154234886169434,0.4824744164943695,0.3724567081107468,0.7956711053848267,32,0.588231994431527
Expr-3-ep-1.pt:v0,0.01,42,1,adult_dataset,0.6073942184448242,0.8134835958480835,0.5770270824432373,0.3684804094130876,0.8089737296104431,32,0.6734634754354837
Expr-3-ep-2.pt:v0,0.01,42,2,adult_dataset,0.5563762187957764,0.8131762146949768,0.5906233191490173,0.36993790860058834,0.8128671646118164,32,0.37077128840763063
Expr-3-ep-3.pt:v0,0.01,42,3,adult_dataset,0.5703407526016235,0.8158469796180725,0.5663625001907349,0.3684970528375907,0.8140881061553955,32,0.3664066966317716
Expr-3-ep-4.pt:v0,0.01,42,4,adult_dataset,0.580374538898468,0.8169740438461304,0.5642420649528503,2.812569681054256,0.8139856457710266,32,0.47123581186914054
Expr-3-ep-5.pt:v0,0.01,42,5,adult_dataset,0.5817674994468689,0.8137021660804749,0.5580486059188843,2.8119012523381435,0.8162397742271423,32,2.52891351539092
Expr-3-ep-6.pt:v0,0.01,42,6,adult_dataset,0.5792921781539917,0.8134903907775879,0.5580805540084839,2.8112706912834136,0.8170081973075867,32,2.5328661792346687
Expr-3-ep-7.pt:v0,0.01,42,7,adult_dataset,0.5754265785217285,0.818196713924408,0.5570248961448669,0.36352966247034857,0.8169825673103333,32,1.9922190525981247
Expr-3-ep-8.pt:v0,0.01,42,8,adult_dataset,0.5865468382835388,0.8131762146949768,0.570137083530426,0.3671772732597883,0.8157616257667542,32,0.3629055072416047
Expr-3-ep-9.pt:v0,0.01,42,9,adult_dataset,0.5863398909568787,0.8178893327713013,0.571752667427063,0.36333302660066574,0.8168032765388489,32,0.36259738429159416
Expr-3-ep-10.pt:v0,0.01,42,10,adult_dataset,0.569381833076477,0.8148155808448792,0.5729188323020935,0.36242366970562545,0.8162909746170044,32,0.3618718559441508
Expr-3-ep-11.pt:v0,0.01,42,11,adult_dataset,0.5751933455467224,0.8163524866104126,0.5727203488349915,0.36189671999118367,0.8178876638412476,32,0.36023295558378343
Expr-3-ep-12.pt:v0,0.01,42,12,adult_dataset,0.5696949362754822,0.8158401846885681,0.5712437629699707,0.36115766646432096,0.8174180388450623,32,0.3615688854920082
Expr-3-ep-13.pt:v0,0.01,42,13,adult_dataset,0.5799978971481323,0.8179917931556702,0.5755369067192078,0.363848132579053,0.8184426426887512,32,0.3606989540648265
Expr-3-ep-14.pt:v0,0.01,42,14,adult_dataset,0.5765678882598877,0.819535493850708,0.5721471309661865,0.3701712503784992,0.8170338273048401,32,0.3610602375303136
Expr-3-ep-15.pt:v0,0.01,42,15,adult_dataset,0.5789034962654114,0.815546452999115,0.5789240598678589,0.3633187644794339,0.8176485896110535,32,0.3595448450231161
Expr-3-ep-16.pt:v0,0.01,42,16,adult_dataset,0.5764556527137756,0.8151229619979858,0.5718510150909424,0.3642431190267938,0.8170081973075867,32,0.36005114639391667
Expr-3-ep-17.pt:v0,0.01,42,17,adult_dataset,0.5666720271110535,0.815942645072937,0.584472119808197,0.3636792963645497,0.819236695766449,32,0.3592103162139166
Expr-3-ep-18.pt:v0,0.01,42,18,adult_dataset,0.5774786472320557,0.8156352639198303,0.5802580118179321,0.36517882474133223,0.8190829753875732,32,0.35834959476086936
Expr-3-ep-19.pt:v0,0.01,42,19,adult_dataset,0.5734606385231018,0.8167623281478882,0.5776885747909546,0.3642858409002179,0.8184767961502075,32,0.358947567818839
Expr-3-ep-20.pt:v0,0.01,42,20,adult_dataset,0.5733051896095276,0.8179917931556702,0.5770599842071533,0.3616413120363579,0.817725419998169,32,0.35956610343495354
Expr-3-ep-21.pt:v0,0.01,42,21,adult_dataset,0.574042022228241,0.8171721696853638,0.5771479606628418,0.3617335715254799,0.8178790807723999,32,0.35871209242060537
Expr-3-ep-22.pt:v0,0.01,42,22,adult_dataset,0.5747366547584534,0.8165642023086548,0.5790749788284302,0.364280452786899,0.8183145523071289,32,0.3584147436696975
Expr-3-ep-23.pt:v0,0.01,42,23,adult_dataset,0.5716719627380371,0.8157377243041992,0.5786699056625366,0.3637934065255962,0.8181096315383911,32,0.3590374037501265
Expr-3-ep-24.pt:v0,0.01,42,24,adult_dataset,0.5775880217552185,0.8154303431510925,0.5784452557563782,0.362758497478532,0.8175973296165466,32,0.3582799662759558
Expr-3-ep-25.pt:v0,0.01,42,25,adult_dataset,0.5837363600730896,0.8147131204605103,0.5778791904449463,0.365011708365112,0.8152408003807068,32,0.3662191420060689
Expr-3-ep-26.pt:v0,0.01,42,26,adult_dataset,0.5884683132171631,0.8173770308494568,0.5758466720581055,0.3630407300151762,0.8172899484634399,32,0.3593981188523476
Expr-3-ep-27.pt:v0,0.01,42,27,adult_dataset,0.575459897518158,0.8145081996917725,0.5762143731117249,0.36472343641226407,0.817136287689209,32,0.3580337240253804
Expr-3-ep-28.pt:v0,0.01,42,28,adult_dataset,0.5867214798927307,0.8178893327713013,0.5777784585952759,0.3638418778532841,0.8178790807723999,32,0.35783270378826093
Expr-3-ep-29.pt:v0,0.01,42,29,adult_dataset,0.5818874835968018,0.8156352639198303,0.5708392262458801,0.36631460375473146,0.8173155784606934,32,0.3593440668138324
Expr-3-ep-30.pt:v0,0.01,42,30,adult_dataset,0.4929840564727783,0.7925683259963989,0.5097211599349976,5.757858390641994,0.8092468976974487,32,2.454796848855302
Expr-3-ep-31.pt:v0,0.01,42,31,adult_dataset,0.45439592003822327,0.7968852519989014,0.4334660768508911,5.751089931316063,0.7982581853866577,32,5.321791557466886
Expr-3-ep-32.pt:v0,0.01,42,32,adult_dataset,0.4423045814037323,0.7962636351585388,0.4414684474468231,5.748486624193974,0.7990522384643555,32,5.324852376064805
Expr-3-ep-33.pt:v0,0.01,42,33,adult_dataset,0.4262806475162506,0.7951434254646301,0.43931129574775696,5.7487207566616965,0.79897540807724,32,5.325720843532291
Expr-3-ep-34.pt:v0,0.01,42,34,adult_dataset,0.4551974833011627,0.7973018884658813,0.4358548521995544,5.749884920774913,0.79746413230896,32,5.326344597522841
Expr-3-ep-35.pt:v0,0.01,42,35,adult_dataset,0.45900434255599976,0.7985314130783081,0.42422959208488464,5.750447063807581,0.7975153923034668,32,5.327548506990319
Expr-3-ep-36.pt:v0,0.01,42,36,adult_dataset,0.434160441160202,0.7965778708457947,0.43488073348999023,5.749881941128949,0.7991803288459778,32,5.3248187242228475
Expr-3-ep-37.pt:v0,0.01,42,37,adult_dataset,0.45030125975608826,0.7973975539207458,0.4401003122329712,5.748398959978682,0.8001536726951599,32,5.324155959096111
Expr-3-ep-38.pt:v0,0.01,42,38,adult_dataset,0.4380813241004944,0.7944194078445435,0.42353305220603943,5.7547397945259435,0.7975665926933289,32,5.326842858709517
Expr-3-ep-39.pt:v0,0.01,42,39,adult_dataset,0.4410323798656464,0.7961611747741699,0.4328150153160095,5.751411061306468,0.7982325553894043,32,5.324410878830268
Expr-3-ep-40.pt:v0,0.01,42,40,adult_dataset,0.445305734872818,0.7954508066177368,0.434057354927063,5.749450903446948,0.7984374761581421,32,5.325670402582552
Expr-3-ep-41.pt:v0,0.01,42,41,adult_dataset,0.4368429183959961,0.7966734766960144,0.43557414412498474,5.754990414517825,0.7993852496147156,32,5.324519102953253
Expr-3-ep-42.pt:v0,0.01,42,42,adult_dataset,0.4456468522548675,0.7965846657752991,0.4311513304710388,8.193642260940349,0.7990266680717468,32,6.204903342135128
Expr-3-ep-43.pt:v0,0.01,42,43,adult_dataset,0.4633140563964844,0.7965778708457947,0.4565586745738983,5.7515915681592755,0.802433431148529,32,5.673730464609432
Expr-3-ep-44.pt:v0,0.01,42,44,adult_dataset,0.4597075879573822,0.7979030013084412,0.4449622631072998,5.750395406123068,0.7997438311576843,32,5.324156834838576
Expr-3-ep-45.pt:v0,0.01,42,45,adult_dataset,0.43869343400001526,0.7955464124679565,0.451720654964447,5.7501064248749465,0.7993852496147156,32,5.322501824264888
Expr-3-ep-46.pt:v0,0.01,42,46,adult_dataset,0.4356020092964173,0.7935177683830261,0.4483657479286194,5.7615318367227175,0.7982838153839111,32,5.3237338750210945
Expr-3-ep-47.pt:v0,0.01,42,47,adult_dataset,0.4379972219467163,0.7940095663070679,0.4379444122314453,5.750605340912694,0.7987448573112488,32,5.326195365276004
Expr-3-ep-48.pt:v0,0.01,42,48,adult_dataset,0.4253928661346435,0.7952322363853455,0.43552085757255554,5.751031914157946,0.7984631061553955,32,5.326260309287759
Expr-3-ep-49.pt:v0,0.01,42,49,adult_dataset,0.4336360692977905,0.7946243286132812,0.4455902576446533,5.749068654853789,0.7995901703834534,32,5.323548814776491
Expr-2-ep-0.pt:v0,0.01,42,0,adult_dataset,0.5165616869926453,0.7639880776405334,0.23227111995220184,8.223371662102737,0.7776297926902771,128,7.603898550252445
Expr-2-ep-1.pt:v0,0.01,42,1,adult_dataset,0.4856569468975067,0.7902191281318665,0.41564637422561646,8.187918867383685,0.7928791046142578,128,7.618504395250414
Expr-2-ep-2.pt:v0,0.01,42,2,adult_dataset,0.4552950263023377,0.794581949710846,0.4177737236022949,8.187438172179384,0.7959306836128235,128,7.613617239623773
Expr-2-ep-3.pt:v0,0.01,42,3,adult_dataset,0.47214680910110474,0.7956709861755371,0.41969263553619385,8.185144141122892,0.7976161241531372,128,7.609866304084903
Expr-2-ep-4.pt:v0,0.01,42,4,adult_dataset,0.4713881909847259,0.7957724332809448,0.42220383882522583,8.18347788011873,0.7991564273834229,128,7.608425940841925
Expr-2-ep-5.pt:v0,0.01,42,5,adult_dataset,0.4968491494655609,0.7906994223594666,0.42310652136802673,8.187235420400446,0.7993869185447693,128,7.606590602437004
Expr-2-ep-6.pt:v0,0.01,42,6,adult_dataset,0.47670429944992065,0.7970914244651794,0.4270034432411194,8.182824017165544,0.7990778684616089,128,7.605380435849799
Expr-2-ep-7.pt:v0,0.01,42,7,adult_dataset,0.49606654047966,0.7913352251052856,0.4234645664691925,8.188410543776177,0.7989497780799866,128,7.606348149502864
Expr-2-ep-8.pt:v0,0.01,42,8,adult_dataset,0.5118236541748047,0.7892789244651794,0.4238531291484833,8.18993871242969,0.7996174693107605,128,7.605058985069149
Expr-2-ep-9.pt:v0,0.01,42,9,adult_dataset,0.4983841180801392,0.7932358980178833,0.4232943058013916,8.185147392285334,0.8001587986946106,128,7.604309941119835
Expr-2-ep-10.pt:v0,0.01,42,10,adult_dataset,0.4872722327709198,0.7944534420967102,0.41879957914352417,8.182684896828292,0.7994399070739746,128,7.604775764121384
Expr-2-ep-11.pt:v0,0.01,42,11,adult_dataset,0.5045870542526245,0.7943519949913025,0.4281120896339417,8.184212630445307,0.8006420731544495,128,7.602734110003612
Expr-2-ep-12.pt:v0,0.01,42,12,adult_dataset,0.5001364946365356,0.7933374047279358,0.4224016070365906,8.1847952650739,0.8004371523857117,128,7.603326243259867
Expr-2-ep-13.pt:v0,0.01,42,13,adult_dataset,0.4947953224182129,0.794122040271759,0.4268862307071686,8.182250191638996,0.8004115223884583,128,7.601670456714317
Expr-2-ep-14.pt:v0,0.01,42,14,adult_dataset,0.5009713768959045,0.7931344509124756,0.42559194564819336,8.185966132523177,0.8004918098449707,128,7.601955201977589
Expr-2-ep-15.pt:v0,0.01,42,15,adult_dataset,0.4905722439289093,0.7935132384300232,0.4292543530464173,8.182238540092072,0.8022814393043518,128,7.600711000942793
Expr-2-ep-16.pt:v0,0.01,42,16,adult_dataset,0.47918760776519775,0.7960497736930847,0.4345171451568603,8.18145958634166,0.8021260499954224,128,7.60049638826339
Expr-2-ep-17.pt:v0,0.01,42,17,adult_dataset,0.48752322793006897,0.7932358980178833,0.4302401542663574,8.183178455798657,0.8022780418395996,128,7.600318273950796
Expr-2-ep-18.pt:v0,0.01,42,18,adult_dataset,0.4633650481700897,0.7942234873771667,0.4287184774875641,8.180202971805226,0.801849365234375,128,7.600147495113435
Expr-2-ep-19.pt:v0,0.01,42,19,adult_dataset,0.4877004325389862,0.7929315567016602,0.43019554018974304,8.183456281562904,0.8012329339981079,128,7.601155400667034
Expr-2-ep-20.pt:v0,0.01,42,20,adult_dataset,0.4865946471691131,0.7961782813072205,0.4320543706417084,8.181953623697355,0.8020269870758057,128,7.599620626011832
Expr-2-ep-21.pt:v0,0.01,42,21,adult_dataset,0.485112190246582,0.795975387096405,0.4290483891963959,8.183739510449497,0.8020508885383606,128,7.599321647550239
Expr-2-ep-22.pt:v0,0.01,42,22,adult_dataset,0.4720481336116791,0.795062243938446,0.4379377961158752,8.182073943026655,0.8023838996887207,128,7.598372687668097
Expr-2-ep-23.pt:v0,0.01,42,23,adult_dataset,0.4770520329475403,0.7948592901229858,0.43395569920539856,8.18275011824323,0.8018459677696228,128,7.597919516485246
Expr-2-ep-24.pt:v0,0.01,42,24,adult_dataset,0.4717044532299042,0.7958468794822693,0.437839537858963,8.183499031252675,0.8017417788505554,128,7.597614881640575
Expr-2-ep-25.pt:v0,0.01,42,25,adult_dataset,0.4857303500175476,0.7953665852546692,0.4319193959236145,8.182722461688055,0.8018715977668762,128,7.598013098513494
Expr-2-ep-26.pt:v0,0.01,42,26,adult_dataset,0.4747868776321411,0.7975243330001831,0.4333510100841522,8.1830742606869,0.8012295365333557,128,7.597969453061213
Expr-2-ep-27.pt:v0,0.01,42,27,adult_dataset,0.49276450276374817,0.7961038947105408,0.4335574209690094,8.184929186647588,0.8014361262321472,128,7.597875290229672
Expr-2-ep-28.pt:v0,0.01,42,28,adult_dataset,0.4776251018047333,0.798133134841919,0.43328413367271423,8.18383641521652,0.8010741472244263,128,7.5975514388475265
Expr-2-ep-29.pt:v0,0.01,42,29,adult_dataset,0.4675634801387787,0.796279788017273,0.434434175491333,8.183172818902252,0.8013575673103333,128,7.597288437358668
Expr-2-ep-30.pt:v0,0.01,42,30,adult_dataset,0.4821711480617523,0.797828733921051,0.43519583344459534,8.184207766087024,0.8022028803825378,128,7.596735813578621
Expr-2-ep-31.pt:v0,0.01,42,31,adult_dataset,0.465772420167923,0.7986404299736023,0.4367147386074066,8.18415395625226,0.8028705716133118,128,7.597091268320552
Expr-2-ep-32.pt:v0,0.01,42,32,adult_dataset,0.47440868616104126,0.7982345819473267,0.4382060468196869,8.183706073017863,0.802508533000946,128,7.596584295835651
Expr-2-ep-33.pt:v0,0.01,42,33,adult_dataset,0.4831531047821045,0.7971184849739075,0.437152236700058,8.184191127876183,0.8023343682289124,128,7.597022520127844
Expr-2-ep-34.pt:v0,0.01,42,34,adult_dataset,0.46781355142593384,0.7973958253860474,0.4382053017616272,8.18254132549484,0.802433431148529,128,7.597120188885048
Expr-2-ep-35.pt:v0,0.01,42,35,adult_dataset,0.4698692858219147,0.7971184849739075,0.4347312152385712,8.184773520989852,0.8018698692321777,128,7.596333393503408
Expr-2-ep-36.pt:v0,0.01,42,36,adult_dataset,0.4806232154369354,0.7969899773597717,0.4384386539459229,8.184545174821631,0.8020781874656677,128,7.596834292958994
Expr-2-ep-37.pt:v0,0.01,42,37,adult_dataset,0.4859195947647095,0.7973214387893677,0.4403011202812195,8.18550773410054,0.8025136590003967,128,7.596865514067352
Expr-2-ep-38.pt:v0,0.01,42,38,adult_dataset,0.4720979630947113,0.7973958253860474,0.4379466474056244,8.183409941660894,0.8020542860031128,128,7.597111179007858
Expr-2-ep-39.pt:v0,0.01,42,39,adult_dataset,0.47481799125671387,0.7970914244651794,0.43670013546943665,8.184846238656478,0.801770806312561,128,7.597353559243874
Expr-2-ep-40.pt:v0,0.01,42,40,adult_dataset,0.4582526087760926,0.7963812351226807,0.44037529826164246,8.186464586815276,0.8026929497718811,128,7.596268533487789
Expr-2-ep-41.pt:v0,0.01,42,41,adult_dataset,0.4773212671279907,0.7965841293334961,0.4400385618209839,8.184325176400023,0.8023838996887207,128,7.597367513375204
Expr-2-ep-42.pt:v0,0.01,42,42,adult_dataset,0.4773426353931427,0.7972943782806396,0.4414538145065307,8.186268165514067,0.8029747009277344,128,7.59581986020823
Expr-2-ep-43.pt:v0,0.01,42,43,adult_dataset,0.4936315715312958,0.7995535731315613,0.4364373385906219,8.18471269948142,0.8018732666969299,128,7.595992639416554
Expr-2-ep-44.pt:v0,0.01,42,44,adult_dataset,0.4840010106563568,0.7983360290527344,0.44088834524154663,8.186068022405946,0.8031284213066101,128,7.596160608041482
Expr-2-ep-45.pt:v0,0.01,42,45,adult_dataset,0.4698604345321655,0.7977002263069153,0.4370650947093963,8.186050532700179,0.8026673197746277,128,7.596201272870673
Expr-2-ep-46.pt:v0,0.01,42,46,adult_dataset,0.5013256072998047,0.7973214387893677,0.4403817057609558,8.187736672240419,0.8029730319976807,128,7.596082220702875
Expr-2-ep-47.pt:v0,0.01,42,47,adult_dataset,0.4939395487308502,0.7963812351226807,0.4388373792171478,8.187616137715128,0.8025136590003967,128,7.596693894902214
Expr-2-ep-48.pt:v0,0.01,42,48,adult_dataset,0.47594010829925537,0.7964826822280884,0.4386332035064697,8.184677980162881,0.80279541015625,128,7.596003233018469
Expr-2-ep-49.pt:v0,0.01,42,49,adult_dataset,0.5044982433319092,0.7967870831489563,0.4395774006843567,8.187556328711572,0.8025392889976501,128,7.595964198816018
Expr-1-ep-0.pt:v0,0.01,42,0,adult_dataset,0.5165616869926453,0.7639880776405334,0.23227111995220184,8.223371662102737,0.7776297926902771,128,7.603898550252445
Expr-1-ep-1.pt:v0,0.01,42,1,adult_dataset,0.4856569468975067,0.7902191281318665,0.41564637422561646,8.187918867383685,0.7928791046142578,128,7.618504395250414
Expr-1-ep-2.pt:v0,0.01,42,2,adult_dataset,0.4552950263023377,0.794581949710846,0.4177737236022949,8.187438172179384,0.7959306836128235,128,7.613617239623773
Expr-1-ep-3.pt:v0,0.01,42,3,adult_dataset,0.47214680910110474,0.7956709861755371,0.41969263553619385,8.185144141122892,0.7976161241531372,128,7.609866304084903
Expr-1-ep-4.pt:v0,0.01,42,4,adult_dataset,0.4713881909847259,0.7957724332809448,0.42220383882522583,8.18347788011873,0.7991564273834229,128,7.608425940841925
Expr-1-ep-5.pt:v0,0.01,42,5,adult_dataset,0.4968491494655609,0.7906994223594666,0.42310652136802673,8.187235420400446,0.7993869185447693,128,7.606590602437004
Expr-1-ep-6.pt:v0,0.01,42,6,adult_dataset,0.47670429944992065,0.7970914244651794,0.4270034432411194,8.182824017165544,0.7990778684616089,128,7.605380435849799
Expr-1-ep-7.pt:v0,0.01,42,7,adult_dataset,0.49606654047966,0.7913352251052856,0.4234645664691925,8.188410543776177,0.7989497780799866,128,7.606348149502864
Expr-1-ep-8.pt:v0,0.01,42,8,adult_dataset,0.5118236541748047,0.7892789244651794,0.4238531291484833,8.18993871242969,0.7996174693107605,128,7.605058985069149
Expr-1-ep-9.pt:v0,0.01,42,9,adult_dataset,0.4983841180801392,0.7932358980178833,0.4232943058013916,8.185147392285334,0.8001587986946106,128,7.604309941119835
Expr-1-ep-10.pt:v0,0.01,42,10,adult_dataset,0.4872722327709198,0.7944534420967102,0.41879957914352417,8.182684896828292,0.7994399070739746,128,7.604775764121384
Expr-1-ep-11.pt:v0,0.01,42,11,adult_dataset,0.5045870542526245,0.7943519949913025,0.4281120896339417,8.184212630445307,0.8006420731544495,128,7.602734110003612
Expr-1-ep-12.pt:v0,0.01,42,12,adult_dataset,0.5001364946365356,0.7933374047279358,0.4224016070365906,8.1847952650739,0.8004371523857117,128,7.603326243259867
Expr-1-ep-13.pt:v0,0.01,42,13,adult_dataset,0.4947953224182129,0.794122040271759,0.4268862307071686,8.182250191638996,0.8004115223884583,128,7.601670456714317
Expr-1-ep-14.pt:v0,0.01,42,14,adult_dataset,0.5009713768959045,0.7931344509124756,0.42559194564819336,8.185966132523177,0.8004918098449707,128,7.601955201977589
Expr-1-ep-15.pt:v0,0.01,42,15,adult_dataset,0.4905722439289093,0.7935132384300232,0.4292543530464173,8.182238540092072,0.8022814393043518,128,7.600711000942793
Expr-1-ep-16.pt:v0,0.01,42,16,adult_dataset,0.47918760776519775,0.7960497736930847,0.4345171451568603,8.18145958634166,0.8021260499954224,128,7.60049638826339
Expr-1-ep-17.pt:v0,0.01,42,17,adult_dataset,0.48752322793006897,0.7932358980178833,0.4302401542663574,8.183178455798657,0.8022780418395996,128,7.600318273950796
Expr-1-ep-18.pt:v0,0.01,42,18,adult_dataset,0.4633650481700897,0.7942234873771667,0.4287184774875641,8.180202971805226,0.801849365234375,128,7.600147495113435
Expr-1-ep-19.pt:v0,0.01,42,19,adult_dataset,0.4877004325389862,0.7929315567016602,0.43019554018974304,8.183456281562904,0.8012329339981079,128,7.601155400667034
Expr-1-ep-20.pt:v0,0.01,42,20,adult_dataset,0.4865946471691131,0.7961782813072205,0.4320543706417084,8.181953623697355,0.8020269870758057,128,7.599620626011832
Expr-1-ep-21.pt:v0,0.01,42,21,adult_dataset,0.485112190246582,0.795975387096405,0.4290483891963959,8.183739510449497,0.8020508885383606,128,7.599321647550239
Expr-1-ep-22.pt:v0,0.01,42,22,adult_dataset,0.4720481336116791,0.795062243938446,0.4379377961158752,8.182073943026655,0.8023838996887207,128,7.598372687668097
Expr-1-ep-23.pt:v0,0.01,42,23,adult_dataset,0.4770520329475403,0.7948592901229858,0.43395569920539856,8.18275011824323,0.8018459677696228,128,7.597919516485246
Expr-1-ep-24.pt:v0,0.01,42,24,adult_dataset,0.4717044532299042,0.7958468794822693,0.437839537858963,8.183499031252675,0.8017417788505554,128,7.597614881640575
Expr-1-ep-25.pt:v0,0.01,42,25,adult_dataset,0.4857303500175476,0.7953665852546692,0.4319193959236145,8.182722461688055,0.8018715977668762,128,7.598013098513494
Expr-1-ep-26.pt:v0,0.01,42,26,adult_dataset,0.4747868776321411,0.7975243330001831,0.4333510100841522,8.1830742606869,0.8012295365333557,128,7.597969453061213
Expr-1-ep-27.pt:v0,0.01,42,27,adult_dataset,0.49276450276374817,0.7961038947105408,0.4335574209690094,8.184929186647588,0.8014361262321472,128,7.597875290229672
Expr-1-ep-28.pt:v0,0.01,42,28,adult_dataset,0.4776251018047333,0.798133134841919,0.43328413367271423,8.18383641521652,0.8010741472244263,128,7.5975514388475265
Expr-1-ep-29.pt:v0,0.01,42,29,adult_dataset,0.4675634801387787,0.796279788017273,0.434434175491333,8.183172818902252,0.8013575673103333,128,7.597288437358668
Expr-1-ep-30.pt:v0,0.01,42,30,adult_dataset,0.4821711480617523,0.797828733921051,0.43519583344459534,8.184207766087024,0.8022028803825378,128,7.596735813578621
Expr-1-ep-31.pt:v0,0.01,42,31,adult_dataset,0.465772420167923,0.7986404299736023,0.4367147386074066,8.18415395625226,0.8028705716133118,128,7.597091268320552
Expr-1-ep-32.pt:v0,0.01,42,32,adult_dataset,0.47440868616104126,0.7982345819473267,0.4382060468196869,8.183706073017863,0.802508533000946,128,7.596584295835651
Expr-1-ep-33.pt:v0,0.01,42,33,adult_dataset,0.4831531047821045,0.7971184849739075,0.437152236700058,8.184191127876183,0.8023343682289124,128,7.597022520127844
Expr-1-ep-34.pt:v0,0.01,42,34,adult_dataset,0.46781355142593384,0.7973958253860474,0.4382053017616272,8.18254132549484,0.802433431148529,128,7.597120188885048
Expr-1-ep-35.pt:v0,0.01,42,35,adult_dataset,0.4698692858219147,0.7971184849739075,0.4347312152385712,8.184773520989852,0.8018698692321777,128,7.596333393503408
Expr-1-ep-36.pt:v0,0.01,42,36,adult_dataset,0.4806232154369354,0.7969899773597717,0.4384386539459229,8.184545174821631,0.8020781874656677,128,7.596834292958994
Expr-1-ep-37.pt:v0,0.01,42,37,adult_dataset,0.4859195947647095,0.7973214387893677,0.4403011202812195,8.18550773410054,0.8025136590003967,128,7.596865514067352
Expr-1-ep-38.pt:v0,0.01,42,38,adult_dataset,0.4720979630947113,0.7973958253860474,0.4379466474056244,8.183409941660894,0.8020542860031128,128,7.597111179007858
Expr-1-ep-39.pt:v0,0.01,42,39,adult_dataset,0.47481799125671387,0.7970914244651794,0.43670013546943665,8.184846238656478,0.801770806312561,128,7.597353559243874
Expr-1-ep-40.pt:v0,0.01,42,40,adult_dataset,0.4582526087760926,0.7963812351226807,0.44037529826164246,8.186464586815276,0.8026929497718811,128,7.596268533487789
Expr-1-ep-41.pt:v0,0.01,42,41,adult_dataset,0.4773212671279907,0.7965841293334961,0.4400385618209839,8.184325176400023,0.8023838996887207,128,7.597367513375204
Expr-1-ep-42.pt:v0,0.01,42,42,adult_dataset,0.4773426353931427,0.7972943782806396,0.4414538145065307,8.186268165514067,0.8029747009277344,128,7.59581986020823
Expr-1-ep-43.pt:v0,0.01,42,43,adult_dataset,0.4936315715312958,0.7995535731315613,0.4364373385906219,8.18471269948142,0.8018732666969299,128,7.595992639416554
Expr-1-ep-44.pt:v0,0.01,42,44,adult_dataset,0.4840010106563568,0.7983360290527344,0.44088834524154663,8.186068022405946,0.8031284213066101,128,7.596160608041482
Expr-1-ep-45.pt:v0,0.01,42,45,adult_dataset,0.4698604345321655,0.7977002263069153,0.4370650947093963,8.186050532700179,0.8026673197746277,128,7.596201272870673
Expr-1-ep-46.pt:v0,0.01,42,46,adult_dataset,0.5013256072998047,0.7973214387893677,0.4403817057609558,8.187736672240419,0.8029730319976807,128,7.596082220702875
Expr-1-ep-47.pt:v0,0.01,42,47,adult_dataset,0.4939395487308502,0.7963812351226807,0.4388373792171478,8.187616137715128,0.8025136590003967,128,7.596693894902214
Expr-1-ep-48.pt:v0,0.01,42,48,adult_dataset,0.47594010829925537,0.7964826822280884,0.4386332035064697,8.184677980162881,0.80279541015625,128,7.596003233018469
Expr-1-ep-49.pt:v0,0.01,42,49,adult_dataset,0.5044982433319092,0.7967870831489563,0.4395774006843567,8.187556328711572,0.8025392889976501,128,7.595964198816018
